карта возможных положений танка:
00000000000000000000000000000000
01100000000001111100000000001110
01110000000011111110000000011110
01111111111111111111111111111110
01100001000000000000000100001110
00100001000000000000000100001100
00100001000000000000000100001100
00110001111111111111111100011100
00110001111111111111111100011100
00100000000000010000000100001100
01100000000000010000000100001110
01000000000000010000000100000110
01000001000111111111000100000110
01000001000100000001000100000110
01000001000100000001000100000110
01111111111100000001111111111110
01000001000100000001000100000110
01000001000100000001000100000110
01000001000111111111000100000110
01000001000000010000000000000110
01100001000000010000000000001110
00100001000000010000000000001100
00110001111111111111111100011100
00110001111111111111111100011100
00100001000000000000000100001100
00100001000000000000000100001100
01100001000000000000000100001110
01111111111111111111111111111110
01110000000011111110000000011110
01110000000011111110000000011110
01100000000001111100000000001110
00000000000000000000000000000000

сама карта игры:
00001111111100000001111111100000
00000111111000000000111111000000
00000000000000000000000000000000
00000000000000000000000000000000
00000000000000000000000000000000
00001100011111111111110001100000
10000100000000000000000001000001
10000100000000000000000001000001
10000100000000000000000001000001
00000100000000000000000001000000
00001111111111000111110001100000
00001100010000000000010001100000
00011100010000000000010001110000
00011100010000000000010001110000
00000000000001111100000000000000
00000000000001111100000000000000
00000000000001111100000000000000
00011100010000000000010001110000
00011100010000000000010001110000
00001100010000000000010001100000
00001100011111000111111111100000
00000100000000000000000001000000
10000100000000000000000001000001
10000100000000000000000001000001
10000100000000000000000001000001
00001100011111111111110001100000
00000000000000000000000000000000
00000000000000000000000000000000
00000000000000000000000000000000
00000111111000000000111111000000
00000111111000000000111111000000
00001111111100000001111111100000